while ( there is player not teamed )
    player p will propose a team to players (a, b)
    if a and b prefer the proposed team over their current one,
        then dissolve a and b's teams.
            (all of the other players are no longer in a team)
        and create new team (p, a, b)

**

the pair preferences are determined beforehand as such:
        // given p : a > b > c > d,
        // then p : (a,b) > (a,c) > (a,d)
        // and p : (a,d) > (b,c) , because presense of a is prioritized
These pairs are also unordere:
        // p : (a,b) == (b,a)

**

It's O(n^3); each player sends ~(1/2)n^2 proposals
Output from my actual code version:

Players:
  Player 0      |5, 3, 24, 9, 1, 14, 19, 27, 16, 8, 6, 7, 18, 23, 15, 12, 11, 26, 22, 28, 29, 13, 25, 10, 20, 4, 17, 2, 21,
  Player 1      |27, 8, 24, 9, 7, 23, 11, 4, 12, 15, 25, 2, 16, 13, 5, 22, 0, 3, 6, 10, 19, 21, 17, 29, 18, 28, 14, 26, 20,
  Player 2      |3, 24, 23, 7, 18, 12, 27, 9, 19, 11, 20, 28, 6, 1, 4, 25, 10, 15, 17, 5, 26, 14, 0, 22, 16, 21, 8, 13, 29,
  Player 3      |23, 4, 2, 12, 29, 19, 27, 13, 21, 9, 20, 6, 11, 10, 5, 16, 26, 17, 25, 0, 15, 14, 7, 28, 1, 18, 24, 22, 8,
  Player 4      |26, 3, 5, 10, 16, 20, 11, 9, 21, 19, 28, 8, 17, 2, 29, 7, 14, 15, 6, 12, 18, 27, 13, 23, 22, 25, 24, 1, 0,
  Player 5      |8, 11, 24, 9, 25, 28, 20, 13, 29, 10, 3, 22, 14, 2, 15, 7, 26, 1, 21, 0, 6, 19, 4, 27, 23, 18, 17, 12, 16,
  Player 6      |22, 29, 19, 25, 17, 11, 20, 21, 0, 4, 7, 10, 8, 16, 15, 2, 18, 3, 24, 14, 28, 1, 9, 13, 23, 26, 5, 12, 27,
  Player 7      |0, 4, 15, 1, 17, 29, 22, 5, 27, 13, 12, 16, 9, 6, 24, 14, 10, 2, 21, 8, 19, 26, 23, 28, 3, 20, 11, 18, 25,
  Player 8      |15, 27, 5, 13, 4, 20, 9, 0, 19, 1, 6, 12, 3, 18, 21, 17, 16, 24, 23, 26, 14, 7, 2, 29, 11, 25, 22, 10, 28,
  Player 9      |19, 10, 3, 20, 21, 29, 25, 8, 0, 11, 18, 15, 28, 4, 2, 14, 27, 6, 17, 12, 5, 24, 23, 16, 22, 7, 26, 13, 1,
  Player 10     |15, 11, 3, 29, 6, 26, 28, 0, 20, 19, 1, 4, 23, 13, 14, 25, 8, 16, 5, 27, 17, 7, 21, 18, 12, 22, 24, 2, 9,
  Player 11     |16, 5, 19, 8, 17, 24, 6, 18, 14, 27, 7, 21, 3, 25, 4, 0, 2, 29, 20, 9, 28, 26, 22, 13, 10, 12, 15, 23, 1,
  Player 12     |1, 28, 22, 6, 4, 9, 25, 15, 0, 23, 16, 8, 21, 19, 2, 27, 20, 3, 7, 11, 5, 24, 29, 13, 26, 17, 18, 14, 10,
  Player 13     |17, 27, 18, 10, 2, 3, 6, 22, 9, 8, 28, 0, 20, 26, 25, 7, 15, 4, 24, 1, 12, 19, 16, 5, 29, 11, 21, 23, 14,
  Player 14     |28, 3, 25, 21, 15, 11, 12, 26, 13, 5, 1, 24, 17, 4, 8, 18, 7, 19, 20, 9, 27, 2, 16, 23, 22, 10, 6, 0, 29,
  Player 15     |6, 2, 7, 14, 25, 10, 19, 17, 11, 0, 1, 29, 9, 28, 3, 27, 21, 16, 18, 12, 5, 8, 24, 20, 13, 26, 22, 4, 23,
  Player 16     |7, 26, 8, 29, 22, 3, 18, 9, 25, 10, 4, 21, 5, 17, 24, 27, 23, 2, 11, 20, 0, 15, 13, 6, 19, 1, 14, 12, 28,
  Player 17     |1, 7, 12, 10, 6, 24, 11, 2, 0, 15, 19, 25, 4, 8, 21, 23, 28, 3, 9, 18, 16, 26, 27, 29, 20, 14, 13, 22, 5,
  Player 18     |7, 16, 19, 6, 14, 4, 24, 3, 12, 13, 22, 1, 5, 21, 28, 23, 26, 27, 29, 9, 17, 0, 8, 25, 10, 2, 15, 11, 20,
  Player 19     |8, 16, 7, 13, 4, 24, 3, 20, 11, 12, 28, 6, 0, 14, 5, 1, 2, 17, 23, 27, 29, 21, 15, 25, 10, 18, 9, 22, 26,
  Player 20     |21, 17, 13, 25, 2, 15, 19, 16, 6, 12, 23, 4, 0, 8, 3, 22, 24, 1, 26, 27, 18, 10, 28, 14, 29, 9, 5, 7, 11,
  Player 21     |22, 17, 25, 0, 3, 16, 8, 11, 14, 6, 15, 13, 24, 18, 28, 27, 12, 4, 2, 1, 10, 5, 29, 23, 19, 26, 9, 7, 20,
  Player 22     |25, 2, 23, 27, 3, 9, 10, 13, 7, 0, 18, 28, 15, 12, 21, 16, 4, 29, 26, 11, 14, 5, 1, 6, 20, 24, 8, 17, 19,
  Player 23     |27, 26, 28, 7, 21, 10, 13, 2, 25, 6, 11, 12, 20, 18, 3, 15, 9, 19, 29, 17, 16, 24, 0, 1, 5, 8, 14, 22, 4,
  Player 24     |28, 4, 13, 22, 11, 1, 2, 23, 27, 26, 20, 5, 7, 9, 17, 25, 15, 19, 6, 12, 10, 0, 8, 21, 16, 3, 18, 14, 29,
  Player 25     |14, 23, 9, 16, 5, 26, 19, 0, 8, 28, 24, 29, 13, 15, 11, 17, 4, 12, 7, 3, 10, 20, 6, 1, 21, 18, 27, 2, 22,
  Player 26     |14, 27, 17, 8, 22, 3, 11, 6, 19, 0, 18, 7, 21, 28, 10, 20, 23, 5, 13, 12, 4, 9, 1, 29, 16, 24, 2, 25, 15,
  Player 27     |24, 22, 12, 15, 9, 17, 13, 20, 6, 3, 5, 29, 18, 23, 2, 7, 16, 8, 28, 1, 0, 21, 14, 26, 10, 4, 25, 11, 19,
  Player 28     |12, 29, 16, 2, 1, 3, 21, 7, 14, 4, 8, 19, 23, 27, 17, 0, 22, 6, 18, 10, 15, 24, 25, 11, 9, 13, 20, 26, 5,
  Player 29     |20, 27, 22, 11, 17, 4, 25, 9, 10, 0, 18, 21, 19, 23, 14, 16, 5, 15, 12, 3, 7, 26, 6, 28, 8, 13, 1, 24, 2,
Matched Teams:
        Team 0: 15, 17, 23
        Team 1: 16, 25, 4
        Team 2: 7, 1, 21
        Team 3: 9, 12, 5
        Team 4: 11, 24, 28
        Team 5: 8, 18, 14
        Team 6: 3, 13, 6
        Team 7: 0, 22, 29
        Team 8: 2, 20, 10
        Team 9: 19, 27, 26
Total Iterations: 4231